$molecule
-1 2
C   5.670821468   6.2587650784   -1.537070045
C   5.9607427205   5.0357763847   -0.7194339176
C   5.3536277384   3.772879316   -0.9895352391
C   5.7620937213   2.7597783236   -0.1629359717
C   5.2974242228   1.3685464554   -0.142782172
C   6.179686756   0.2674599417   -0.1930225349
C   7.6060130098   0.281029828   -0.2805102957
C   8.1691093452   -0.9628864221   -0.2787238339
C   9.5689364258   -1.3139837038   -0.3530789454
C   10.1618218363   -2.5319850103   -0.1074894002
C   11.5703647469   -2.5131663143   -0.2683791715
C   12.040703901   -1.2839006745   -0.635309227
S   10.7697907152   -0.1371656283   -0.7972098066
S   6.9622745491   -2.2321555826   -0.1893725999
C   5.6690330061   -1.0584915374   -0.1439746283
C   4.3096696794   -1.3587364988   -0.052283048
C   3.8493888651   -2.7495807764   0.0153711858
C   4.1615321313   -3.7822162906   -0.8290904876
C   3.5813244862   -5.0349775169   -0.4686693865
C   3.8106147037   -6.2862537378   -1.2623799154
C   2.8211953454   -4.9426786282   0.6719894221
C   2.074704425   -6.0134608513   1.400213007
S   2.8264512086   -3.3267796388   1.2974373632
C   3.425442066   -0.2575579863   -0.0274043735
C   1.9994382929   -0.2713627744   0.0457660565
C   1.4376738795   0.9742297886   0.08234035
C   0.0403714788   1.3224259024   0.1558249176
C   -0.5212357395   2.5636684228   0.3760464571
C   -1.9268998971   2.540523378   0.3988844427
C   -2.469703271   1.2858051685   0.1962116489
C   -3.8845721434   0.952115228   0.1373261632
C   -4.8619292024   1.964131077   0.0580505284
C   -6.2194924331   1.6951943977   0.0328275065
C   -6.6766733423   0.3716608904   0.0834384872
C   -5.7051357087   -0.6546736126   0.1288097492
C   -4.355031556   -0.3679055804   0.1605832178
F   -3.4733704232   -1.3880878911   0.2061358171
N   -6.3096892071   -1.8993960244   0.1111703789
C   -5.6694801489   -3.1917181382   0.1831378173
C   -7.6779936701   -1.7634027472   0.0155748249
O   -8.4377449045   -2.715182783   -0.0021858435
C   -7.9817408674   -0.2794355937   0.0038938236
C   -9.2598698072   0.2247077118   -0.0307961326
C   -10.5578009453   -0.4052348694   -0.2937387915
C   -10.969986794   -1.6778190824   -0.7055551017
C   -12.3203904725   -1.9241800638   -0.9379053775
C   -13.2763571886   -0.9254617598   -0.7709898379
C   -12.8743033036   0.3421068302   -0.3793308105
F   -13.7912917569   1.3162192463   -0.2316525402
C   -11.5354982255   0.6074679051   -0.1485000904
N   -10.9473949675   1.8092300884   0.206033165
C   -11.6138117155   3.0601533952   0.4786826109
C   -9.5794813344   1.6712787124   0.2761572634
O   -8.8346414735   2.5860617172   0.5846122864
S   -1.1940347061   0.1190714513   -0.0219365117
S   2.6466516311   2.2435558298   0.0080616688
C   3.9366778341   1.0684694736   -0.0694356481
S   6.9099206136   3.369414888   0.9919596719
C   6.836098336   4.9721821612   0.3374028302
C   7.6936108669   6.0480014385   0.921892038
H   6.0089179128   7.1744010305   -1.0441610497
H   4.5959662818   6.3589612974   -1.7237658217
H   6.1667970173   6.2112533348   -2.5146721116
H   4.6418166731   3.6167322043   -1.7945686774
H   8.1900633127   1.1930212235   -0.330717753
H   9.5994650571   -3.4089261958   0.1962806723
H   12.209160532   -3.3755531252   -0.1132433356
H   13.063582897   -0.9854458369   -0.8235277425
H   4.7758454901   -3.6454469521   -1.7139717801
H   3.7417138238   -6.0861171586   -2.3372504723
H   4.8088760988   -6.7004088469   -1.073041269
H   3.0827692189   -7.0664403916   -1.022898768
H   1.1200380532   -5.6464663493   1.7914129435
H   1.8578246706   -6.8541991044   0.7347344951
H   2.649910419   -6.4043203634   2.2489672262
H   1.4147805979   -1.1838259844   0.0782522903
H   0.0682560323   3.4602813003   0.536557263
H   -2.528269802   3.4232392275   0.582324773
H   -4.5401639444   2.9978152793   0.0007308353
H   -6.9296648779   2.5068581013   -0.0117698699
H   -5.0024268643   -3.3469831827   -0.6692020741
H   -5.0944011823   -3.2899980986   1.1077681396
H   -6.467506993   -3.9353708918   0.1660163388
H   -10.2426041229   -2.4666101908   -0.821077422
H   -12.6346521313   -2.9153178301   -1.249656214
H   -14.3325685594   -1.1077434316   -0.9426331643
H   -12.1576942667   3.413859715   -0.4016253222
H   -10.8361135025   3.7776331194   0.7443139443
H   -12.316131655   2.9530429133   1.3098982754
H   8.7219750568   5.9993630792   0.5420601357
H   7.7428942308   5.9778487813   2.0135898604
H   7.2967069094   7.0363854664   0.6728306919
$end
$rem
jobtype sp
exchange general
omega 180
lrc_dft true
basis 6-31g*
scf_final_print 1
scf_guess read
gen_scfman false
$end
$xc_functional
X wPBE 1.0
C PBE 1.0
$end
